{
	"IsLooped":  1,
	"FinishTime": 2,
	"Path": [{
		"x": -13.67, 
		"y": 0.5827723,
		"z": 8.36},
	{
		"x": 5.29,
		"y": 0.5827723,
		"z": -6.81},
	{
		"x": 19.54,
		"y": 0.5827723,
		"z": 7.55}
	]
}